0 	 -264.00000000 	 12.00000000 
1 	 -368.00000000 	 0.00000000 
2 	 -384.00000000 	 -20.00000000 
3 	 -312.00000000 	 -20.00000000 
4 	 -232.00000000 	 -24.00000000 
5 	 -248.00000000 	 -28.00000000 
6 	 -272.00000000 	 -10.00000000 
7 	 -256.00000000 	 -12.00000000 
8 	 -320.00000000 	 -14.00000000 
9 	 -352.00000000 	 0.00000000 
10 	 -200.00000000 	 24.00000000 
11 	 -240.00000000 	 46.00000000 
12 	 -280.00000000 	 20.00000000 
13 	 -208.00000000 	 -38.00000000 
14 	 -272.00000000 	 -18.00000000 
15 	 -296.00000000 	 -42.00000000 
16 	 -264.00000000 	 -22.00000000 
17 	 -328.00000000 	 -12.00000000 
18 	 -368.00000000 	 16.00000000 
19 	 -272.00000000 	 28.00000000 
20 	 -328.00000000 	 16.00000000 
21 	 -232.00000000 	 -36.00000000 
22 	 -288.00000000 	 -22.00000000 
23 	 -456.00000000 	 -62.00000000 
24 	 -320.00000000 	 -52.00000000 
25 	 -312.00000000 	 -30.00000000 
26 	 -288.00000000 	 -2.00000000 
27 	 -248.00000000 	 -20.00000000 
28 	 -272.00000000 	 -34.00000000 
29 	 -272.00000000 	 -32.00000000 
30 	 -344.00000000 	 -38.00000000 
31 	 -280.00000000 	 -18.00000000 
32 	 -240.00000000 	 0.00000000 
33 	 -272.00000000 	 18.00000000 
34 	 -352.00000000 	 30.00000000 
35 	 -312.00000000 	 22.00000000 
36 	 -352.00000000 	 42.00000000 
37 	 -328.00000000 	 30.00000000 
38 	 -304.00000000 	 46.00000000 
39 	 -312.00000000 	 46.00000000 
40 	 -376.00000000 	 46.00000000 
41 	 -336.00000000 	 50.00000000 
42 	 -256.00000000 	 24.00000000 
43 	 -256.00000000 	 26.00000000 
44 	 -256.00000000 	 16.00000000 
45 	 -368.00000000 	 8.00000000 
46 	 -408.00000000 	 0.00000000 
47 	 -296.00000000 	 14.00000000 
48 	 -296.00000000 	 16.00000000 
49 	 -312.00000000 	 26.00000000 
50 	 -312.00000000 	 14.00000000 
51 	 -280.00000000 	 36.00000000 
52 	 -304.00000000 	 46.00000000 
53 	 -312.00000000 	 24.00000000 
54 	 -296.00000000 	 -24.00000000 
55 	 -304.00000000 	 0.00000000 
56 	 -200.00000000 	 -6.00000000 
57 	 -304.00000000 	 20.00000000 
58 	 -344.00000000 	 44.00000000 
59 	 -288.00000000 	 28.00000000 
60 	 -240.00000000 	 20.00000000 
61 	 -336.00000000 	 8.00000000 
62 	 -264.00000000 	 14.00000000 
63 	 -328.00000000 	 0.00000000 
64 	 -336.00000000 	 8.00000000 
65 	 -312.00000000 	 -10.00000000 
66 	 -312.00000000 	 -22.00000000 
67 	 -296.00000000 	 -32.00000000 
68 	 -320.00000000 	 -26.00000000 
69 	 -352.00000000 	 -22.00000000 
70 	 -240.00000000 	 8.00000000 
71 	 -352.00000000 	 -12.00000000 
72 	 -256.00000000 	 28.00000000 
73 	 -312.00000000 	 26.00000000 
74 	 -312.00000000 	 18.00000000 
75 	 -296.00000000 	 -18.00000000 
76 	 -384.00000000 	 -20.00000000 
77 	 -248.00000000 	 -16.00000000 
78 	 -280.00000000 	 -24.00000000 
79 	 -264.00000000 	 -16.00000000 
80 	 -376.00000000 	 -6.00000000 
81 	 -336.00000000 	 -22.00000000 
82 	 -312.00000000 	 -10.00000000 
83 	 -304.00000000 	 24.00000000 
84 	 -304.00000000 	 48.00000000 
85 	 -296.00000000 	 30.00000000 
86 	 -368.00000000 	 28.00000000 
87 	 -336.00000000 	 36.00000000 
88 	 -328.00000000 	 54.00000000 
89 	 -312.00000000 	 40.00000000 
90 	 -240.00000000 	 30.00000000 
91 	 -272.00000000 	 6.00000000 
92 	 -160.00000000 	 -14.00000000 
93 	 -240.00000000 	 -12.00000000 
94 	 -280.00000000 	 -14.00000000 
95 	 -288.00000000 	 -20.00000000 
96 	 -296.00000000 	 -34.00000000 
97 	 -272.00000000 	 -44.00000000 
98 	 -320.00000000 	 -46.00000000 
99 	 -288.00000000 	 -22.00000000 
100 	 -368.00000000 	 -16.00000000 
101 	 -232.00000000 	 -10.00000000 
102 	 -216.00000000 	 -8.00000000 
103 	 -296.00000000 	 -28.00000000 
104 	 -408.00000000 	 -56.00000000 
105 	 -376.00000000 	 -68.00000000 
106 	 -296.00000000 	 -44.00000000 
107 	 -264.00000000 	 -24.00000000 
108 	 -288.00000000 	 2.00000000 
109 	 -240.00000000 	 6.00000000 
110 	 -184.00000000 	 6.00000000 
111 	 -208.00000000 	 -6.00000000 
112 	 -256.00000000 	 18.00000000 
113 	 -368.00000000 	 28.00000000 
114 	 -264.00000000 	 -12.00000000 
115 	 -360.00000000 	 -28.00000000 
116 	 -328.00000000 	 -16.00000000 
117 	 -216.00000000 	 4.00000000 
118 	 -240.00000000 	 -18.00000000 
119 	 -264.00000000 	 4.00000000 
120 	 -368.00000000 	 12.00000000 
121 	 -432.00000000 	 6.00000000 
122 	 -304.00000000 	 -26.00000000 
123 	 -328.00000000 	 4.00000000 
124 	 -400.00000000 	 28.00000000 
125 	 -392.00000000 	 -4.00000000 
126 	 -416.00000000 	 -8.00000000 
127 	 -424.00000000 	 18.00000000 
128 	 -352.00000000 	 22.00000000 
129 	 -424.00000000 	 18.00000000 
130 	 -320.00000000 	 38.00000000 
131 	 -272.00000000 	 56.00000000 
132 	 -336.00000000 	 28.00000000 
133 	 -368.00000000 	 32.00000000 
134 	 -376.00000000 	 6.00000000 
135 	 -368.00000000 	 -4.00000000 
136 	 -328.00000000 	 -18.00000000 
137 	 -312.00000000 	 -18.00000000 
138 	 -336.00000000 	 -24.00000000 
139 	 -336.00000000 	 -30.00000000 
140 	 -304.00000000 	 14.00000000 
141 	 -360.00000000 	 30.00000000 
142 	 -232.00000000 	 24.00000000 
143 	 -296.00000000 	 34.00000000 
144 	 -280.00000000 	 6.00000000 
145 	 -264.00000000 	 34.00000000 
146 	 -304.00000000 	 34.00000000 
147 	 -352.00000000 	 22.00000000 
148 	 -240.00000000 	 20.00000000 
149 	 -232.00000000 	 18.00000000 
150 	 -312.00000000 	 -8.00000000 
151 	 -400.00000000 	 -48.00000000 
152 	 -328.00000000 	 -20.00000000 
153 	 -288.00000000 	 4.00000000 
154 	 -304.00000000 	 -28.00000000 
155 	 -296.00000000 	 -22.00000000 
156 	 -296.00000000 	 6.00000000 
157 	 -352.00000000 	 40.00000000 
158 	 -352.00000000 	 38.00000000 
159 	 -360.00000000 	 -2.00000000 
160 	 -360.00000000 	 -14.00000000 
161 	 -352.00000000 	 46.00000000 
162 	 -336.00000000 	 70.00000000 
163 	 -304.00000000 	 68.00000000 
164 	 -320.00000000 	 54.00000000 
165 	 -352.00000000 	 84.00000000 
166 	 -264.00000000 	 66.00000000 
167 	 -216.00000000 	 48.00000000 
168 	 -240.00000000 	 40.00000000 
169 	 -272.00000000 	 36.00000000 
170 	 -352.00000000 	 34.00000000 
171 	 -320.00000000 	 34.00000000 
172 	 -384.00000000 	 54.00000000 
173 	 -288.00000000 	 32.00000000 
174 	 -288.00000000 	 40.00000000 
175 	 -272.00000000 	 6.00000000 
176 	 -280.00000000 	 36.00000000 
177 	 -392.00000000 	 38.00000000 
178 	 -336.00000000 	 24.00000000 
179 	 -312.00000000 	 12.00000000 
180 	 -296.00000000 	 20.00000000 
181 	 -328.00000000 	 6.00000000 
182 	 -256.00000000 	 14.00000000 
183 	 -248.00000000 	 -12.00000000 
184 	 -272.00000000 	 -50.00000000 
185 	 -248.00000000 	 -40.00000000 
186 	 -304.00000000 	 -10.00000000 
187 	 -272.00000000 	 -12.00000000 
188 	 -272.00000000 	 -2.00000000 
189 	 -256.00000000 	 -20.00000000 
190 	 -312.00000000 	 10.00000000 
191 	 -192.00000000 	 18.00000000 
192 	 -232.00000000 	 34.00000000 
193 	 -288.00000000 	 52.00000000 
194 	 -304.00000000 	 12.00000000 
195 	 -208.00000000 	 40.00000000 
196 	 -256.00000000 	 30.00000000 
197 	 -288.00000000 	 -20.00000000 
198 	 -312.00000000 	 18.00000000 
199 	 -312.00000000 	 32.00000000 
200 	 -224.00000000 	 26.00000000 
201 	 -264.00000000 	 26.00000000 
202 	 -312.00000000 	 28.00000000 
203 	 -256.00000000 	 12.00000000 
204 	 -328.00000000 	 18.00000000 
205 	 -352.00000000 	 -4.00000000 
206 	 -384.00000000 	 38.00000000 
207 	 -328.00000000 	 42.00000000 
208 	 -384.00000000 	 52.00000000 
209 	 -304.00000000 	 0.00000000 
210 	 -288.00000000 	 22.00000000 
211 	 -304.00000000 	 16.00000000 
212 	 -288.00000000 	 0.00000000 
213 	 -360.00000000 	 4.00000000 
214 	 -328.00000000 	 12.00000000 
215 	 -304.00000000 	 2.00000000 
216 	 -304.00000000 	 -50.00000000 
217 	 -288.00000000 	 -16.00000000 
218 	 -320.00000000 	 -18.00000000 
219 	 -280.00000000 	 -22.00000000 
220 	 -272.00000000 	 0.00000000 
221 	 -272.00000000 	 34.00000000 
222 	 -288.00000000 	 0.00000000 
223 	 -224.00000000 	 16.00000000 
224 	 -296.00000000 	 -58.00000000 
225 	 -288.00000000 	 -42.00000000 
226 	 -288.00000000 	 -24.00000000 
227 	 -280.00000000 	 -22.00000000 
228 	 -256.00000000 	 -16.00000000 
229 	 -288.00000000 	 -36.00000000 
230 	 -368.00000000 	 -62.00000000 
231 	 -240.00000000 	 -28.00000000 
232 	 -256.00000000 	 6.00000000 
233 	 -240.00000000 	 12.00000000 
234 	 -312.00000000 	 16.00000000 
235 	 -288.00000000 	 20.00000000 
236 	 -296.00000000 	 18.00000000 
237 	 -232.00000000 	 -6.00000000 
238 	 -272.00000000 	 0.00000000 
239 	 -296.00000000 	 28.00000000 
240 	 -280.00000000 	 -2.00000000 
241 	 -240.00000000 	 2.00000000 
242 	 -304.00000000 	 6.00000000 
243 	 -240.00000000 	 -6.00000000 
244 	 -264.00000000 	 20.00000000 
245 	 -320.00000000 	 48.00000000 
246 	 -232.00000000 	 44.00000000 
247 	 -344.00000000 	 34.00000000 
248 	 -280.00000000 	 18.00000000 
249 	 -192.00000000 	 48.00000000 
250 	 -240.00000000 	 10.00000000 
251 	 -232.00000000 	 26.00000000 
252 	 -272.00000000 	 36.00000000 
253 	 -312.00000000 	 40.00000000 
254 	 -368.00000000 	 54.00000000 
255 	 -320.00000000 	 60.00000000 
256 	 -304.00000000 	 42.00000000 
257 	 -328.00000000 	 12.00000000 
258 	 -232.00000000 	 -24.00000000 
259 	 -304.00000000 	 -50.00000000 
260 	 -304.00000000 	 -80.00000000 
261 	 -232.00000000 	 -16.00000000 
262 	 -208.00000000 	 -12.00000000 
263 	 -248.00000000 	 -16.00000000 
264 	 -248.00000000 	 -10.00000000 
265 	 -376.00000000 	 12.00000000 
266 	 -320.00000000 	 36.00000000 
267 	 -240.00000000 	 42.00000000 
268 	 -320.00000000 	 16.00000000 
269 	 -344.00000000 	 4.00000000 
270 	 -280.00000000 	 14.00000000 
271 	 -216.00000000 	 36.00000000 
272 	 -304.00000000 	 58.00000000 
273 	 -296.00000000 	 32.00000000 
274 	 -280.00000000 	 22.00000000 
275 	 -296.00000000 	 20.00000000 
276 	 -304.00000000 	 -6.00000000 
277 	 -288.00000000 	 2.00000000 
278 	 -240.00000000 	 -26.00000000 
279 	 -320.00000000 	 -26.00000000 
280 	 -224.00000000 	 -22.00000000 
281 	 -184.00000000 	 -24.00000000 
282 	 -280.00000000 	 -6.00000000 
283 	 -264.00000000 	 -6.00000000 
284 	 -264.00000000 	 -20.00000000 
285 	 -280.00000000 	 -14.00000000 
286 	 -240.00000000 	 -4.00000000 
287 	 -168.00000000 	 -12.00000000 
288 	 -280.00000000 	 -42.00000000 
289 	 -272.00000000 	 -20.00000000 
290 	 -360.00000000 	 -32.00000000 
291 	 -344.00000000 	 -52.00000000 
292 	 -304.00000000 	 -58.00000000 
293 	 -224.00000000 	 -30.00000000 
294 	 -272.00000000 	 -8.00000000 
295 	 -248.00000000 	 -22.00000000 
296 	 -248.00000000 	 -8.00000000 
297 	 -304.00000000 	 18.00000000 
298 	 -288.00000000 	 22.00000000 
299 	 -312.00000000 	 -2.00000000 
300 	 -288.00000000 	 -8.00000000 
301 	 -232.00000000 	 4.00000000 
302 	 -328.00000000 	 6.00000000 
303 	 -256.00000000 	 -6.00000000 
304 	 -272.00000000 	 -20.00000000 
305 	 -392.00000000 	 -6.00000000 
306 	 -320.00000000 	 -50.00000000 
307 	 -232.00000000 	 -32.00000000 
308 	 -352.00000000 	 -66.00000000 
309 	 -360.00000000 	 -46.00000000 
310 	 -288.00000000 	 -44.00000000 
311 	 -400.00000000 	 -84.00000000 
312 	 -416.00000000 	 -64.00000000 
313 	 -320.00000000 	 -84.00000000 
314 	 -296.00000000 	 -44.00000000 
315 	 -296.00000000 	 -52.00000000 
316 	 -288.00000000 	 -22.00000000 
317 	 -360.00000000 	 -54.00000000 
318 	 -336.00000000 	 -48.00000000 
319 	 -264.00000000 	 -38.00000000 
320 	 -304.00000000 	 -76.00000000 
321 	 -304.00000000 	 -26.00000000 
322 	 -344.00000000 	 -58.00000000 
323 	 -272.00000000 	 -48.00000000 
324 	 -288.00000000 	 -68.00000000 
325 	 -272.00000000 	 -42.00000000 
326 	 -296.00000000 	 -52.00000000 
327 	 -352.00000000 	 -72.00000000 
328 	 -352.00000000 	 -80.00000000 
329 	 -320.00000000 	 -46.00000000 
330 	 -304.00000000 	 -14.00000000 
331 	 -376.00000000 	 0.00000000 
332 	 -320.00000000 	 6.00000000 
333 	 -304.00000000 	 -8.00000000 
334 	 -248.00000000 	 -10.00000000 
335 	 -232.00000000 	 2.00000000 
336 	 -248.00000000 	 -18.00000000 
337 	 -384.00000000 	 28.00000000 
338 	 -304.00000000 	 14.00000000 
339 	 -280.00000000 	 34.00000000 
340 	 -320.00000000 	 78.00000000 
341 	 -288.00000000 	 80.00000000 
342 	 -304.00000000 	 54.00000000 
343 	 -312.00000000 	 24.00000000 
344 	 -312.00000000 	 14.00000000 
345 	 -344.00000000 	 36.00000000 
346 	 -376.00000000 	 14.00000000 
347 	 -248.00000000 	 30.00000000 
348 	 -376.00000000 	 26.00000000 
349 	 -312.00000000 	 2.00000000 
350 	 -328.00000000 	 6.00000000 
351 	 -312.00000000 	 28.00000000 
352 	 -344.00000000 	 48.00000000 
353 	 -376.00000000 	 60.00000000 
354 	 -304.00000000 	 32.00000000 
355 	 -288.00000000 	 12.00000000 
356 	 -328.00000000 	 48.00000000 
357 	 -296.00000000 	 18.00000000 
358 	 -296.00000000 	 12.00000000 
359 	 -272.00000000 	 60.00000000 
360 	 -344.00000000 	 48.00000000 
361 	 -280.00000000 	 66.00000000 
362 	 -312.00000000 	 70.00000000 
363 	 -232.00000000 	 56.00000000 
364 	 -192.00000000 	 32.00000000 
365 	 -264.00000000 	 6.00000000 
366 	 -376.00000000 	 0.00000000 
367 	 -320.00000000 	 -36.00000000 
368 	 -288.00000000 	 -18.00000000 
369 	 -368.00000000 	 -24.00000000 
370 	 -392.00000000 	 0.00000000 
371 	 -376.00000000 	 16.00000000 
372 	 -296.00000000 	 0.00000000 
373 	 -288.00000000 	 22.00000000 
374 	 -360.00000000 	 14.00000000 
375 	 -312.00000000 	 8.00000000 
376 	 -312.00000000 	 34.00000000 
377 	 -352.00000000 	 34.00000000 
378 	 -304.00000000 	 32.00000000 
379 	 -312.00000000 	 18.00000000 
380 	 -272.00000000 	 50.00000000 
381 	 -328.00000000 	 38.00000000 
382 	 -280.00000000 	 16.00000000 
383 	 -232.00000000 	 8.00000000 
384 	 -288.00000000 	 30.00000000 
385 	 -264.00000000 	 28.00000000 
386 	 -320.00000000 	 -12.00000000 
387 	 -280.00000000 	 22.00000000 
388 	 -264.00000000 	 44.00000000 
389 	 -264.00000000 	 50.00000000 
390 	 -296.00000000 	 48.00000000 
391 	 -360.00000000 	 64.00000000 
392 	 -280.00000000 	 46.00000000 
393 	 -336.00000000 	 54.00000000 
394 	 -256.00000000 	 0.00000000 
395 	 -248.00000000 	 2.00000000 
396 	 -256.00000000 	 0.00000000 
397 	 -264.00000000 	 12.00000000 
398 	 -296.00000000 	 -34.00000000 
399 	 -272.00000000 	 -4.00000000 
400 	 -288.00000000 	 14.00000000 
401 	 -208.00000000 	 68.00000000 
402 	 -320.00000000 	 66.00000000 
403 	 -360.00000000 	 48.00000000 
404 	 -272.00000000 	 20.00000000 
405 	 -224.00000000 	 36.00000000 
406 	 -392.00000000 	 54.00000000 
407 	 -408.00000000 	 40.00000000 
408 	 -384.00000000 	 40.00000000 
409 	 -296.00000000 	 28.00000000 
410 	 -200.00000000 	 24.00000000 
411 	 -272.00000000 	 32.00000000 
412 	 -256.00000000 	 -16.00000000 
413 	 -400.00000000 	 -24.00000000 
414 	 -376.00000000 	 -16.00000000 
415 	 -304.00000000 	 -32.00000000 
416 	 -304.00000000 	 -12.00000000 
417 	 -352.00000000 	 36.00000000 
418 	 -280.00000000 	 60.00000000 
419 	 -280.00000000 	 58.00000000 
420 	 -296.00000000 	 64.00000000 
421 	 -280.00000000 	 70.00000000 
422 	 -280.00000000 	 24.00000000 
423 	 -352.00000000 	 38.00000000 
424 	 -256.00000000 	 10.00000000 
425 	 -336.00000000 	 -2.00000000 
426 	 -264.00000000 	 -10.00000000 
427 	 -296.00000000 	 -2.00000000 
428 	 -216.00000000 	 10.00000000 
429 	 -192.00000000 	 6.00000000 
430 	 -288.00000000 	 30.00000000 
431 	 -288.00000000 	 16.00000000 
432 	 -344.00000000 	 34.00000000 
433 	 -416.00000000 	 66.00000000 
434 	 -352.00000000 	 62.00000000 
435 	 -328.00000000 	 84.00000000 
436 	 -312.00000000 	 56.00000000 
437 	 -328.00000000 	 40.00000000 
438 	 -248.00000000 	 8.00000000 
439 	 -264.00000000 	 24.00000000 
440 	 -312.00000000 	 6.00000000 
441 	 -288.00000000 	 -4.00000000 
442 	 -392.00000000 	 22.00000000 
443 	 -448.00000000 	 64.00000000 
444 	 -384.00000000 	 14.00000000 
445 	 -224.00000000 	 12.00000000 
446 	 -280.00000000 	 -2.00000000 
447 	 -232.00000000 	 -28.00000000 
448 	 -272.00000000 	 -40.00000000 
449 	 -288.00000000 	 -30.00000000 
450 	 -304.00000000 	 -8.00000000 
451 	 -256.00000000 	 16.00000000 
452 	 -280.00000000 	 28.00000000 
453 	 -288.00000000 	 -24.00000000 
454 	 -224.00000000 	 -6.00000000 
455 	 -344.00000000 	 8.00000000 
456 	 -448.00000000 	 40.00000000 
457 	 -264.00000000 	 22.00000000 
458 	 -280.00000000 	 20.00000000 
459 	 -344.00000000 	 16.00000000 
460 	 -264.00000000 	 2.00000000 
461 	 -296.00000000 	 -20.00000000 
462 	 -320.00000000 	 8.00000000 
463 	 -248.00000000 	 -26.00000000 
464 	 -320.00000000 	 -46.00000000 
465 	 -328.00000000 	 10.00000000 
466 	 -336.00000000 	 -10.00000000 
467 	 -384.00000000 	 -18.00000000 
468 	 -304.00000000 	 -22.00000000 
469 	 -336.00000000 	 -24.00000000 
470 	 -336.00000000 	 -48.00000000 
471 	 -296.00000000 	 -30.00000000 
472 	 -336.00000000 	 -32.00000000 
473 	 -312.00000000 	 -40.00000000 
474 	 -304.00000000 	 -4.00000000 
475 	 -272.00000000 	 -14.00000000 
476 	 -224.00000000 	 -18.00000000 
477 	 -248.00000000 	 -24.00000000 
478 	 -256.00000000 	 -46.00000000 
479 	 -264.00000000 	 -48.00000000 
480 	 -360.00000000 	 -44.00000000 
481 	 -296.00000000 	 -34.00000000 
482 	 -256.00000000 	 8.00000000 
483 	 -360.00000000 	 -28.00000000 
484 	 -248.00000000 	 -40.00000000 
485 	 -344.00000000 	 -4.00000000 
486 	 -304.00000000 	 -28.00000000 
487 	 -256.00000000 	 24.00000000 
488 	 -304.00000000 	 46.00000000 
489 	 -296.00000000 	 32.00000000 
490 	 -248.00000000 	 -6.00000000 
491 	 -280.00000000 	 -24.00000000 
492 	 -240.00000000 	 -24.00000000 
493 	 -280.00000000 	 -32.00000000 
494 	 -312.00000000 	 -36.00000000 
495 	 -432.00000000 	 -2.00000000 
496 	 -344.00000000 	 30.00000000 
497 	 -296.00000000 	 30.00000000 
498 	 -392.00000000 	 44.00000000 
499 	 -296.00000000 	 40.00000000 
500 	 -312.00000000 	 50.00000000 
501 	 -224.00000000 	 42.00000000 
502 	 -312.00000000 	 14.00000000 
503 	 -296.00000000 	 6.00000000 
504 	 -328.00000000 	 0.00000000 
505 	 -232.00000000 	 8.00000000 
506 	 -152.00000000 	 34.00000000 
507 	 -184.00000000 	 -4.00000000 
508 	 -304.00000000 	 -10.00000000 
509 	 -312.00000000 	 -34.00000000 
510 	 -312.00000000 	 -10.00000000 
511 	 -288.00000000 	 4.00000000 
512 	 -296.00000000 	 10.00000000 
513 	 -328.00000000 	 -22.00000000 
514 	 -216.00000000 	 -14.00000000 
515 	 -328.00000000 	 -16.00000000 
516 	 -296.00000000 	 12.00000000 
517 	 -288.00000000 	 2.00000000 
518 	 -224.00000000 	 -14.00000000 
519 	 -288.00000000 	 -34.00000000 
520 	 -256.00000000 	 -24.00000000 
521 	 -256.00000000 	 -10.00000000 
522 	 -144.00000000 	 -22.00000000 
523 	 -256.00000000 	 0.00000000 
524 	 -328.00000000 	 46.00000000 
525 	 -264.00000000 	 10.00000000 
526 	 -280.00000000 	 -28.00000000 
527 	 -200.00000000 	 -10.00000000 
528 	 -296.00000000 	 -64.00000000 
529 	 -376.00000000 	 -102.00000000 
530 	 -432.00000000 	 -72.00000000 
531 	 -368.00000000 	 -62.00000000 
532 	 -320.00000000 	 -68.00000000 
533 	 -240.00000000 	 -34.00000000 
534 	 -224.00000000 	 32.00000000 
535 	 -224.00000000 	 -4.00000000 
536 	 -344.00000000 	 -6.00000000 
537 	 -312.00000000 	 -34.00000000 
538 	 -240.00000000 	 -34.00000000 
539 	 -320.00000000 	 -68.00000000 
540 	 -256.00000000 	 -42.00000000 
541 	 -312.00000000 	 -4.00000000 
542 	 -296.00000000 	 20.00000000 
543 	 -424.00000000 	 24.00000000 
544 	 -352.00000000 	 42.00000000 
545 	 -264.00000000 	 48.00000000 
546 	 -328.00000000 	 72.00000000 
547 	 -296.00000000 	 40.00000000 
548 	 -288.00000000 	 48.00000000 
549 	 -392.00000000 	 42.00000000 
550 	 -256.00000000 	 8.00000000 
551 	 -368.00000000 	 10.00000000 
552 	 -352.00000000 	 10.00000000 
553 	 -384.00000000 	 10.00000000 
554 	 -304.00000000 	 2.00000000 
555 	 -256.00000000 	 6.00000000 
556 	 -248.00000000 	 22.00000000 
557 	 -344.00000000 	 22.00000000 
558 	 -344.00000000 	 -32.00000000 
559 	 -304.00000000 	 -46.00000000 
560 	 -256.00000000 	 -28.00000000 
561 	 -264.00000000 	 -18.00000000 
562 	 -296.00000000 	 -52.00000000 
563 	 -320.00000000 	 -44.00000000 
564 	 -344.00000000 	 -12.00000000 
565 	 -352.00000000 	 -24.00000000 
566 	 -344.00000000 	 -50.00000000 
567 	 -280.00000000 	 -40.00000000 
568 	 -248.00000000 	 -10.00000000 
569 	 -168.00000000 	 -14.00000000 
570 	 -256.00000000 	 32.00000000 
571 	 -296.00000000 	 12.00000000 
572 	 -312.00000000 	 12.00000000 
573 	 -240.00000000 	 0.00000000 
574 	 -272.00000000 	 -16.00000000 
575 	 -328.00000000 	 -4.00000000 
576 	 -240.00000000 	 22.00000000 
577 	 -320.00000000 	 22.00000000 
578 	 -328.00000000 	 50.00000000 
579 	 -328.00000000 	 48.00000000 
580 	 -344.00000000 	 80.00000000 
581 	 -328.00000000 	 30.00000000 
582 	 -264.00000000 	 36.00000000 
583 	 -272.00000000 	 34.00000000 
584 	 -280.00000000 	 24.00000000 
585 	 -288.00000000 	 4.00000000 
586 	 -304.00000000 	 32.00000000 
587 	 -288.00000000 	 30.00000000 
588 	 -328.00000000 	 30.00000000 
589 	 -296.00000000 	 32.00000000 
590 	 -264.00000000 	 44.00000000 
591 	 -416.00000000 	 70.00000000 
592 	 -312.00000000 	 60.00000000 
593 	 -272.00000000 	 22.00000000 
594 	 -304.00000000 	 -14.00000000 
595 	 -280.00000000 	 -32.00000000 
596 	 -288.00000000 	 -20.00000000 
597 	 -208.00000000 	 10.00000000 
598 	 -304.00000000 	 48.00000000 
599 	 -280.00000000 	 46.00000000 
600 	 -440.00000000 	 80.00000000 
601 	 -344.00000000 	 66.00000000 
602 	 -384.00000000 	 60.00000000 
603 	 -320.00000000 	 52.00000000 
604 	 -312.00000000 	 46.00000000 
605 	 -272.00000000 	 22.00000000 
606 	 -296.00000000 	 34.00000000 
607 	 -320.00000000 	 16.00000000 
608 	 -312.00000000 	 2.00000000 
609 	 -360.00000000 	 -16.00000000 
610 	 -256.00000000 	 -4.00000000 
611 	 -240.00000000 	 -6.00000000 
612 	 -296.00000000 	 4.00000000 
613 	 -320.00000000 	 50.00000000 
614 	 -312.00000000 	 48.00000000 
615 	 -272.00000000 	 46.00000000 
616 	 -264.00000000 	 6.00000000 
617 	 -336.00000000 	 -4.00000000 
618 	 -304.00000000 	 28.00000000 
619 	 -280.00000000 	 20.00000000 
620 	 -336.00000000 	 -10.00000000 
621 	 -368.00000000 	 -6.00000000 
622 	 -240.00000000 	 -32.00000000 
623 	 -296.00000000 	 -40.00000000 
624 	 -272.00000000 	 -32.00000000 
625 	 -184.00000000 	 -18.00000000 
626 	 -256.00000000 	 -2.00000000 
627 	 -272.00000000 	 20.00000000 
628 	 -280.00000000 	 12.00000000 
629 	 -248.00000000 	 34.00000000 
630 	 -256.00000000 	 32.00000000 
631 	 -272.00000000 	 54.00000000 
632 	 -328.00000000 	 88.00000000 
633 	 -296.00000000 	 38.00000000 
634 	 -256.00000000 	 12.00000000 
635 	 -376.00000000 	 4.00000000 
636 	 -232.00000000 	 -4.00000000 
637 	 -280.00000000 	 -42.00000000 
638 	 -240.00000000 	 -26.00000000 
639 	 -240.00000000 	 -4.00000000 
640 	 -256.00000000 	 -32.00000000 
641 	 -312.00000000 	 -76.00000000 
642 	 -360.00000000 	 -52.00000000 
643 	 -304.00000000 	 -26.00000000 
644 	 -304.00000000 	 -30.00000000 
645 	 -192.00000000 	 -10.00000000 
646 	 -224.00000000 	 -38.00000000 
647 	 -256.00000000 	 -22.00000000 
648 	 -280.00000000 	 -42.00000000 
649 	 -200.00000000 	 -38.00000000 
650 	 -288.00000000 	 -54.00000000 
651 	 -360.00000000 	 -26.00000000 
652 	 -344.00000000 	 -68.00000000 
653 	 -240.00000000 	 -38.00000000 
654 	 -248.00000000 	 -22.00000000 
655 	 -272.00000000 	 -34.00000000 
656 	 -280.00000000 	 -48.00000000 
657 	 -280.00000000 	 -24.00000000 
658 	 -336.00000000 	 -56.00000000 
659 	 -256.00000000 	 -40.00000000 
660 	 -400.00000000 	 -68.00000000 
661 	 -328.00000000 	 -30.00000000 
662 	 -280.00000000 	 -12.00000000 
663 	 -296.00000000 	 -22.00000000 
664 	 -256.00000000 	 -4.00000000 
665 	 -376.00000000 	 -52.00000000 
666 	 -272.00000000 	 -70.00000000 
667 	 -280.00000000 	 -86.00000000 
668 	 -368.00000000 	 -78.00000000 
669 	 -224.00000000 	 -40.00000000 
670 	 -240.00000000 	 -6.00000000 
671 	 -296.00000000 	 -12.00000000 
672 	 -312.00000000 	 -30.00000000 
673 	 -304.00000000 	 -16.00000000 
674 	 -344.00000000 	 -12.00000000 
675 	 -312.00000000 	 8.00000000 
676 	 -288.00000000 	 4.00000000 
677 	 -312.00000000 	 -42.00000000 
678 	 -280.00000000 	 -46.00000000 
679 	 -344.00000000 	 -64.00000000 
680 	 -368.00000000 	 -86.00000000 
681 	 -368.00000000 	 -66.00000000 
682 	 -384.00000000 	 -60.00000000 
683 	 -304.00000000 	 -60.00000000 
684 	 -224.00000000 	 -24.00000000 
685 	 -304.00000000 	 -24.00000000 
686 	 -304.00000000 	 -36.00000000 
687 	 -288.00000000 	 -28.00000000 
688 	 -368.00000000 	 -36.00000000 
689 	 -328.00000000 	 -22.00000000 
690 	 -288.00000000 	 6.00000000 
691 	 -272.00000000 	 -26.00000000 
692 	 -288.00000000 	 -42.00000000 
693 	 -368.00000000 	 -60.00000000 
694 	 -368.00000000 	 -82.00000000 
695 	 -328.00000000 	 -44.00000000 
696 	 -312.00000000 	 -48.00000000 
697 	 -232.00000000 	 -24.00000000 
698 	 -208.00000000 	 14.00000000 
699 	 -304.00000000 	 40.00000000 
700 	 -304.00000000 	 2.00000000 
701 	 -336.00000000 	 18.00000000 
702 	 -376.00000000 	 4.00000000 
703 	 -256.00000000 	 -14.00000000 
704 	 -288.00000000 	 16.00000000 
705 	 -264.00000000 	 10.00000000 
706 	 -344.00000000 	 -38.00000000 
707 	 -312.00000000 	 -22.00000000 
708 	 -352.00000000 	 -32.00000000 
709 	 -320.00000000 	 -24.00000000 
710 	 -216.00000000 	 20.00000000 
711 	 -288.00000000 	 26.00000000 
712 	 -328.00000000 	 -32.00000000 
713 	 -304.00000000 	 -22.00000000 
714 	 -304.00000000 	 20.00000000 
715 	 -272.00000000 	 6.00000000 
716 	 -304.00000000 	 2.00000000 
717 	 -392.00000000 	 12.00000000 
718 	 -360.00000000 	 -2.00000000 
719 	 -384.00000000 	 2.00000000 
720 	 -400.00000000 	 -22.00000000 
721 	 -232.00000000 	 -46.00000000 
722 	 -280.00000000 	 -52.00000000 
723 	 -256.00000000 	 -42.00000000 
724 	 -312.00000000 	 -18.00000000 
725 	 -224.00000000 	 -14.00000000 
726 	 -296.00000000 	 -22.00000000 
727 	 -304.00000000 	 -6.00000000 
728 	 -208.00000000 	 4.00000000 
729 	 -304.00000000 	 24.00000000 
730 	 -384.00000000 	 0.00000000 
731 	 -368.00000000 	 6.00000000 
732 	 -360.00000000 	 -20.00000000 
733 	 -264.00000000 	 24.00000000 
734 	 -248.00000000 	 -10.00000000 
735 	 -248.00000000 	 10.00000000 
736 	 -352.00000000 	 12.00000000 
737 	 -344.00000000 	 10.00000000 
738 	 -296.00000000 	 -4.00000000 
739 	 -344.00000000 	 26.00000000 
740 	 -168.00000000 	 10.00000000 
741 	 -264.00000000 	 -8.00000000 
742 	 -216.00000000 	 32.00000000 
743 	 -344.00000000 	 48.00000000 
744 	 -248.00000000 	 20.00000000 
745 	 -328.00000000 	 -12.00000000 
746 	 -432.00000000 	 -56.00000000 
747 	 -336.00000000 	 -48.00000000 
748 	 -360.00000000 	 -40.00000000 
749 	 -288.00000000 	 -44.00000000 
750 	 -288.00000000 	 -52.00000000 
751 	 -264.00000000 	 -40.00000000 
752 	 -328.00000000 	 -58.00000000 
753 	 -272.00000000 	 -44.00000000 
754 	 -336.00000000 	 -62.00000000 
755 	 -304.00000000 	 -66.00000000 
756 	 -232.00000000 	 -36.00000000 
757 	 -248.00000000 	 -36.00000000 
758 	 -288.00000000 	 -32.00000000 
759 	 -368.00000000 	 -62.00000000 
760 	 -392.00000000 	 -34.00000000 
761 	 -296.00000000 	 -36.00000000 
762 	 -312.00000000 	 -58.00000000 
763 	 -296.00000000 	 -64.00000000 
764 	 -304.00000000 	 -46.00000000 
765 	 -312.00000000 	 -46.00000000 
766 	 -248.00000000 	 16.00000000 
767 	 -248.00000000 	 20.00000000 
768 	 -296.00000000 	 -22.00000000 
769 	 -232.00000000 	 -12.00000000 
770 	 -328.00000000 	 16.00000000 
771 	 -304.00000000 	 -40.00000000 
772 	 -312.00000000 	 -20.00000000 
773 	 -240.00000000 	 -4.00000000 
774 	 -296.00000000 	 -32.00000000 
775 	 -264.00000000 	 -28.00000000 
776 	 -312.00000000 	 -40.00000000 
777 	 -408.00000000 	 -2.00000000 
778 	 -376.00000000 	 8.00000000 
779 	 -360.00000000 	 14.00000000 
780 	 -336.00000000 	 14.00000000 
781 	 -304.00000000 	 28.00000000 
782 	 -280.00000000 	 26.00000000 
783 	 -232.00000000 	 30.00000000 
784 	 -352.00000000 	 48.00000000 
785 	 -360.00000000 	 100.00000000 
786 	 -304.00000000 	 58.00000000 
787 	 -288.00000000 	 78.00000000 
788 	 -328.00000000 	 100.00000000 
789 	 -312.00000000 	 86.00000000 
790 	 -400.00000000 	 68.00000000 
791 	 -352.00000000 	 58.00000000 
792 	 -272.00000000 	 44.00000000 
793 	 -296.00000000 	 56.00000000 
794 	 -272.00000000 	 -24.00000000 
795 	 -384.00000000 	 22.00000000 
796 	 -368.00000000 	 14.00000000 
797 	 -384.00000000 	 30.00000000 
798 	 -336.00000000 	 10.00000000 
799 	 -320.00000000 	 -16.00000000 
800 	 -336.00000000 	 -10.00000000 
801 	 -328.00000000 	 4.00000000 
802 	 -360.00000000 	 -2.00000000 
803 	 -288.00000000 	 -22.00000000 
804 	 -312.00000000 	 -20.00000000 
805 	 -296.00000000 	 -18.00000000 
806 	 -264.00000000 	 -12.00000000 
807 	 -336.00000000 	 34.00000000 
808 	 -352.00000000 	 42.00000000 
809 	 -448.00000000 	 78.00000000 
810 	 -424.00000000 	 102.00000000 
811 	 -408.00000000 	 64.00000000 
812 	 -416.00000000 	 54.00000000 
813 	 -272.00000000 	 36.00000000 
814 	 -248.00000000 	 28.00000000 
815 	 -256.00000000 	 4.00000000 
816 	 -368.00000000 	 -12.00000000 
817 	 -360.00000000 	 -18.00000000 
818 	 -368.00000000 	 -30.00000000 
819 	 -240.00000000 	 4.00000000 
820 	 -248.00000000 	 10.00000000 
821 	 -248.00000000 	 0.00000000 
822 	 -264.00000000 	 12.00000000 
823 	 -256.00000000 	 30.00000000 
824 	 -288.00000000 	 6.00000000 
825 	 -264.00000000 	 -32.00000000 
826 	 -296.00000000 	 -6.00000000 
827 	 -192.00000000 	 26.00000000 
828 	 -264.00000000 	 30.00000000 
829 	 -256.00000000 	 -8.00000000 
830 	 -200.00000000 	 -22.00000000 
831 	 -352.00000000 	 -20.00000000 
832 	 -360.00000000 	 18.00000000 
833 	 -328.00000000 	 8.00000000 
834 	 -392.00000000 	 8.00000000 
835 	 -320.00000000 	 -6.00000000 
836 	 -240.00000000 	 6.00000000 
837 	 -280.00000000 	 -6.00000000 
838 	 -272.00000000 	 -14.00000000 
839 	 -200.00000000 	 38.00000000 
840 	 -280.00000000 	 24.00000000 
841 	 -256.00000000 	 -6.00000000 
842 	 -232.00000000 	 -40.00000000 
843 	 -296.00000000 	 -8.00000000 
844 	 -320.00000000 	 28.00000000 
845 	 -312.00000000 	 28.00000000 
846 	 -272.00000000 	 -26.00000000 
847 	 -304.00000000 	 -8.00000000 
848 	 -232.00000000 	 12.00000000 
849 	 -272.00000000 	 14.00000000 
850 	 -256.00000000 	 24.00000000 
851 	 -240.00000000 	 50.00000000 
852 	 -312.00000000 	 30.00000000 
853 	 -280.00000000 	 48.00000000 
854 	 -256.00000000 	 20.00000000 
855 	 -320.00000000 	 28.00000000 
856 	 -312.00000000 	 -4.00000000 
857 	 -408.00000000 	 28.00000000 
858 	 -368.00000000 	 10.00000000 
859 	 -280.00000000 	 18.00000000 
860 	 -296.00000000 	 10.00000000 
861 	 -264.00000000 	 12.00000000 
862 	 -256.00000000 	 -6.00000000 
863 	 -200.00000000 	 10.00000000 
864 	 -328.00000000 	 4.00000000 
865 	 -352.00000000 	 2.00000000 
866 	 -312.00000000 	 -34.00000000 
867 	 -232.00000000 	 4.00000000 
868 	 -224.00000000 	 26.00000000 
869 	 -240.00000000 	 12.00000000 
870 	 -240.00000000 	 -6.00000000 
871 	 -96.00000000 	 -14.00000000 
872 	 -176.00000000 	 -30.00000000 
873 	 -272.00000000 	 -40.00000000 
874 	 -288.00000000 	 -24.00000000 
875 	 -208.00000000 	 -34.00000000 
876 	 -296.00000000 	 -60.00000000 
877 	 -280.00000000 	 -22.00000000 
878 	 -408.00000000 	 -34.00000000 
879 	 -328.00000000 	 -58.00000000 
880 	 -304.00000000 	 -28.00000000 
881 	 -232.00000000 	 -26.00000000 
882 	 -344.00000000 	 -18.00000000 
883 	 -256.00000000 	 -12.00000000 
884 	 -344.00000000 	 -4.00000000 
885 	 -312.00000000 	 -36.00000000 
886 	 -296.00000000 	 -50.00000000 
887 	 -304.00000000 	 -54.00000000 
888 	 -360.00000000 	 -32.00000000 
889 	 -280.00000000 	 -12.00000000 
890 	 -296.00000000 	 -8.00000000 
891 	 -344.00000000 	 -6.00000000 
892 	 -344.00000000 	 2.00000000 
893 	 -328.00000000 	 26.00000000 
894 	 -264.00000000 	 12.00000000 
895 	 -280.00000000 	 42.00000000 
896 	 -312.00000000 	 64.00000000 
897 	 -296.00000000 	 44.00000000 
898 	 -272.00000000 	 56.00000000 
899 	 -280.00000000 	 40.00000000 
900 	 -240.00000000 	 22.00000000 
901 	 -312.00000000 	 28.00000000 
902 	 -328.00000000 	 46.00000000 
903 	 -304.00000000 	 78.00000000 
904 	 -352.00000000 	 86.00000000 
905 	 -328.00000000 	 68.00000000 
906 	 -336.00000000 	 46.00000000 
907 	 -376.00000000 	 46.00000000 
908 	 -336.00000000 	 48.00000000 
909 	 -256.00000000 	 14.00000000 
910 	 -288.00000000 	 -36.00000000 
911 	 -320.00000000 	 -50.00000000 
912 	 -264.00000000 	 -36.00000000 
913 	 -392.00000000 	 -66.00000000 
914 	 -320.00000000 	 -34.00000000 
915 	 -184.00000000 	 -12.00000000 
916 	 -248.00000000 	 -6.00000000 
917 	 -296.00000000 	 -26.00000000 
918 	 -320.00000000 	 -42.00000000 
919 	 -352.00000000 	 -14.00000000 
920 	 -368.00000000 	 -4.00000000 
921 	 -272.00000000 	 4.00000000 
922 	 -328.00000000 	 -24.00000000 
923 	 -392.00000000 	 -36.00000000 
924 	 -296.00000000 	 -18.00000000 
925 	 -296.00000000 	 -28.00000000 
926 	 -360.00000000 	 -50.00000000 
927 	 -296.00000000 	 -36.00000000 
928 	 -408.00000000 	 -38.00000000 
929 	 -368.00000000 	 -58.00000000 
930 	 -312.00000000 	 -22.00000000 
931 	 -280.00000000 	 -22.00000000 
932 	 -336.00000000 	 -14.00000000 
933 	 -336.00000000 	 12.00000000 
934 	 -248.00000000 	 8.00000000 
935 	 -352.00000000 	 8.00000000 
936 	 -264.00000000 	 26.00000000 
937 	 -184.00000000 	 12.00000000 
938 	 -216.00000000 	 -8.00000000 
939 	 -264.00000000 	 58.00000000 
940 	 -344.00000000 	 48.00000000 
941 	 -328.00000000 	 28.00000000 
942 	 -336.00000000 	 -4.00000000 
943 	 -344.00000000 	 -12.00000000 
944 	 -280.00000000 	 14.00000000 
945 	 -264.00000000 	 24.00000000 
946 	 -328.00000000 	 46.00000000 
947 	 -256.00000000 	 30.00000000 
948 	 -288.00000000 	 -2.00000000 
949 	 -288.00000000 	 -48.00000000 
950 	 -328.00000000 	 -54.00000000 
951 	 -200.00000000 	 -44.00000000 
952 	 -288.00000000 	 -26.00000000 
953 	 -360.00000000 	 36.00000000 
954 	 -400.00000000 	 30.00000000 
955 	 -216.00000000 	 4.00000000 
956 	 -336.00000000 	 38.00000000 
957 	 -352.00000000 	 80.00000000 
958 	 -360.00000000 	 82.00000000 
959 	 -312.00000000 	 76.00000000 
960 	 -352.00000000 	 72.00000000 
961 	 -288.00000000 	 40.00000000 
962 	 -272.00000000 	 36.00000000 
963 	 -312.00000000 	 56.00000000 
964 	 -384.00000000 	 78.00000000 
965 	 -280.00000000 	 42.00000000 
966 	 -200.00000000 	 70.00000000 
967 	 -424.00000000 	 94.00000000 
968 	 -328.00000000 	 74.00000000 
969 	 -280.00000000 	 24.00000000 
970 	 -320.00000000 	 26.00000000 
971 	 -240.00000000 	 48.00000000 
972 	 -328.00000000 	 50.00000000 
973 	 -360.00000000 	 74.00000000 
974 	 -368.00000000 	 26.00000000 
975 	 -240.00000000 	 -18.00000000 
976 	 -312.00000000 	 -26.00000000 
977 	 -256.00000000 	 -10.00000000 
978 	 -200.00000000 	 24.00000000 
979 	 -256.00000000 	 20.00000000 
980 	 -216.00000000 	 26.00000000 
981 	 -216.00000000 	 16.00000000 
982 	 -240.00000000 	 22.00000000 
983 	 -288.00000000 	 30.00000000 
984 	 -352.00000000 	 34.00000000 
985 	 -296.00000000 	 30.00000000 
986 	 -304.00000000 	 42.00000000 
987 	 -272.00000000 	 32.00000000 
988 	 -272.00000000 	 0.00000000 
989 	 -240.00000000 	 12.00000000 
990 	 -240.00000000 	 6.00000000 
991 	 -240.00000000 	 -4.00000000 
992 	 -200.00000000 	 20.00000000 
993 	 -264.00000000 	 12.00000000 
994 	 -208.00000000 	 14.00000000 
995 	 -264.00000000 	 16.00000000 
996 	 -176.00000000 	 6.00000000 
997 	 -296.00000000 	 2.00000000 
998 	 -256.00000000 	 -4.00000000 
999 	 -240.00000000 	 12.00000000 
1000 	 -248.00000000 	 0.00000000 
1001 	 -288.00000000 	 16.00000000 
1002 	 -208.00000000 	 8.00000000 
1003 	 -312.00000000 	 36.00000000 
1004 	 -264.00000000 	 34.00000000 
1005 	 -256.00000000 	 48.00000000 
1006 	 -328.00000000 	 46.00000000 
1007 	 -360.00000000 	 36.00000000 
1008 	 -336.00000000 	 -18.00000000 
1009 	 -304.00000000 	 -16.00000000 
1010 	 -288.00000000 	 12.00000000 
1011 	 -344.00000000 	 16.00000000 
1012 	 -304.00000000 	 -8.00000000 
1013 	 -288.00000000 	 12.00000000 
1014 	 -288.00000000 	 4.00000000 
1015 	 -200.00000000 	 8.00000000 
1016 	 -176.00000000 	 0.00000000 
1017 	 -240.00000000 	 -10.00000000 
1018 	 -288.00000000 	 10.00000000 
1019 	 -264.00000000 	 -2.00000000 
1020 	 -280.00000000 	 2.00000000 
1021 	 -248.00000000 	 -12.00000000 
1022 	 -248.00000000 	 2.00000000 
1023 	 -280.00000000 	 -22.00000000 
1024 	 -376.00000000 	 -34.00000000 
1025 	 -328.00000000 	 -42.00000000 
1026 	 -304.00000000 	 -56.00000000 
1027 	 -320.00000000 	 -88.00000000 
1028 	 -200.00000000 	 -36.00000000 
1029 	 -232.00000000 	 -20.00000000 
1030 	 -224.00000000 	 14.00000000 
1031 	 -376.00000000 	 28.00000000 
1032 	 -264.00000000 	 -24.00000000 
1033 	 -272.00000000 	 8.00000000 
1034 	 -240.00000000 	 10.00000000 
1035 	 -288.00000000 	 38.00000000 
1036 	 -336.00000000 	 60.00000000 
1037 	 -248.00000000 	 10.00000000 
1038 	 -304.00000000 	 10.00000000 
1039 	 -304.00000000 	 6.00000000 
1040 	 -184.00000000 	 4.00000000 
1041 	 -264.00000000 	 -10.00000000 
1042 	 -200.00000000 	 -8.00000000 
1043 	 -256.00000000 	 -18.00000000 
1044 	 -192.00000000 	 -54.00000000 
1045 	 -264.00000000 	 -34.00000000 
1046 	 -264.00000000 	 -28.00000000 
1047 	 -320.00000000 	 -44.00000000 
1048 	 -296.00000000 	 -10.00000000 
1049 	 -240.00000000 	 0.00000000 
1050 	 -256.00000000 	 18.00000000 
1051 	 -248.00000000 	 22.00000000 
1052 	 -288.00000000 	 -2.00000000 
1053 	 -280.00000000 	 6.00000000 
1054 	 -264.00000000 	 -38.00000000 
1055 	 -352.00000000 	 -12.00000000 
1056 	 -240.00000000 	 20.00000000 
1057 	 -352.00000000 	 30.00000000 
1058 	 -288.00000000 	 44.00000000 
1059 	 -248.00000000 	 26.00000000 
1060 	 -192.00000000 	 -6.00000000 
1061 	 -240.00000000 	 0.00000000 
1062 	 -232.00000000 	 12.00000000 
1063 	 -264.00000000 	 -14.00000000 
1064 	 -232.00000000 	 4.00000000 
1065 	 -248.00000000 	 -16.00000000 
1066 	 -272.00000000 	 -24.00000000 
1067 	 -288.00000000 	 -30.00000000 
1068 	 -280.00000000 	 -10.00000000 
1069 	 -280.00000000 	 8.00000000 
1070 	 -280.00000000 	 -2.00000000 
1071 	 -344.00000000 	 -22.00000000 
1072 	 -288.00000000 	 -36.00000000 
1073 	 -272.00000000 	 -28.00000000 
1074 	 -272.00000000 	 -28.00000000 
1075 	 -192.00000000 	 -36.00000000 
1076 	 -280.00000000 	 -18.00000000 
1077 	 -304.00000000 	 -38.00000000 
1078 	 -288.00000000 	 -18.00000000 
1079 	 -264.00000000 	 6.00000000 
1080 	 -352.00000000 	 32.00000000 
1081 	 -256.00000000 	 -2.00000000 
1082 	 -240.00000000 	 30.00000000 
1083 	 -296.00000000 	 6.00000000 
1084 	 -296.00000000 	 4.00000000 
1085 	 -304.00000000 	 0.00000000 
1086 	 -320.00000000 	 -36.00000000 
1087 	 -296.00000000 	 -26.00000000 
1088 	 -296.00000000 	 10.00000000 
1089 	 -264.00000000 	 10.00000000 
1090 	 -304.00000000 	 38.00000000 
1091 	 -296.00000000 	 12.00000000 
1092 	 -344.00000000 	 10.00000000 
1093 	 -296.00000000 	 38.00000000 
1094 	 -320.00000000 	 36.00000000 
1095 	 -264.00000000 	 70.00000000 
1096 	 -336.00000000 	 80.00000000 
1097 	 -448.00000000 	 38.00000000 
1098 	 -352.00000000 	 40.00000000 
1099 	 -304.00000000 	 0.00000000 
1100 	 -296.00000000 	 -20.00000000 
1101 	 -280.00000000 	 -6.00000000 
1102 	 -200.00000000 	 0.00000000 
1103 	 -248.00000000 	 -28.00000000 
1104 	 -296.00000000 	 -8.00000000 
1105 	 -272.00000000 	 -12.00000000 
1106 	 -312.00000000 	 4.00000000 
1107 	 -328.00000000 	 -14.00000000 
1108 	 -336.00000000 	 -48.00000000 
1109 	 -344.00000000 	 -34.00000000 
1110 	 -424.00000000 	 2.00000000 
1111 	 -232.00000000 	 46.00000000 
1112 	 -288.00000000 	 54.00000000 
1113 	 -352.00000000 	 52.00000000 
1114 	 -416.00000000 	 80.00000000 
1115 	 -256.00000000 	 66.00000000 
1116 	 -272.00000000 	 68.00000000 
1117 	 -320.00000000 	 68.00000000 
1118 	 -328.00000000 	 76.00000000 
1119 	 -320.00000000 	 64.00000000 
1120 	 -264.00000000 	 40.00000000 
1121 	 -312.00000000 	 70.00000000 
1122 	 -320.00000000 	 72.00000000 
1123 	 -296.00000000 	 56.00000000 
1124 	 -240.00000000 	 4.00000000 
1125 	 -256.00000000 	 16.00000000 
1126 	 -280.00000000 	 20.00000000 
1127 	 -336.00000000 	 50.00000000 
1128 	 -328.00000000 	 38.00000000 
1129 	 -280.00000000 	 8.00000000 
1130 	 -264.00000000 	 22.00000000 
1131 	 -320.00000000 	 74.00000000 
1132 	 -312.00000000 	 86.00000000 
1133 	 -296.00000000 	 78.00000000 
1134 	 -352.00000000 	 96.00000000 
1135 	 -328.00000000 	 92.00000000 
1136 	 -328.00000000 	 92.00000000 
1137 	 -328.00000000 	 70.00000000 
1138 	 -296.00000000 	 58.00000000 
1139 	 -248.00000000 	 32.00000000 
1140 	 -240.00000000 	 26.00000000 
1141 	 -336.00000000 	 -16.00000000 
1142 	 -360.00000000 	 0.00000000 
1143 	 -368.00000000 	 -12.00000000 
1144 	 -344.00000000 	 -20.00000000 
1145 	 -384.00000000 	 20.00000000 
1146 	 -296.00000000 	 26.00000000 
1147 	 -320.00000000 	 48.00000000 
1148 	 -304.00000000 	 10.00000000 
1149 	 -344.00000000 	 30.00000000 
1150 	 -344.00000000 	 28.00000000 
1151 	 -280.00000000 	 14.00000000 
1152 	 -280.00000000 	 32.00000000 
1153 	 -280.00000000 	 -2.00000000 
1154 	 -352.00000000 	 -10.00000000 
1155 	 -312.00000000 	 -20.00000000 
1156 	 -256.00000000 	 -14.00000000 
1157 	 -248.00000000 	 4.00000000 
1158 	 -136.00000000 	 0.00000000 
1159 	 -320.00000000 	 52.00000000 
1160 	 -128.00000000 	 24.00000000 
1161 	 -160.00000000 	 36.00000000 
1162 	 -288.00000000 	 -20.00000000 
1163 	 -328.00000000 	 -34.00000000 
1164 	 -288.00000000 	 0.00000000 
1165 	 -320.00000000 	 -54.00000000 
1166 	 -424.00000000 	 -52.00000000 
1167 	 -344.00000000 	 -44.00000000 
1168 	 -392.00000000 	 -54.00000000 
1169 	 -280.00000000 	 4.00000000 
1170 	 -280.00000000 	 4.00000000 
1171 	 -224.00000000 	 -6.00000000 
1172 	 -296.00000000 	 4.00000000 
1173 	 -312.00000000 	 -10.00000000 
1174 	 -328.00000000 	 14.00000000 
1175 	 -400.00000000 	 6.00000000 
1176 	 -264.00000000 	 -34.00000000 
1177 	 -272.00000000 	 -24.00000000 
1178 	 -320.00000000 	 44.00000000 
1179 	 -256.00000000 	 30.00000000 
1180 	 -280.00000000 	 10.00000000 
1181 	 -208.00000000 	 8.00000000 
1182 	 -360.00000000 	 -14.00000000 
1183 	 -304.00000000 	 -4.00000000 
1184 	 -352.00000000 	 -2.00000000 
1185 	 -320.00000000 	 8.00000000 
1186 	 -312.00000000 	 -8.00000000 
1187 	 -312.00000000 	 -2.00000000 
1188 	 -296.00000000 	 22.00000000 
1189 	 -360.00000000 	 2.00000000 
1190 	 -328.00000000 	 -28.00000000 
1191 	 -336.00000000 	 -58.00000000 
1192 	 -296.00000000 	 -28.00000000 
1193 	 -232.00000000 	 -24.00000000 
1194 	 -264.00000000 	 -26.00000000 
1195 	 -272.00000000 	 -34.00000000 
1196 	 -312.00000000 	 -38.00000000 
1197 	 -280.00000000 	 -42.00000000 
1198 	 -296.00000000 	 -52.00000000 
1199 	 -248.00000000 	 -12.00000000 
1200 	 -272.00000000 	 -26.00000000 
1201 	 -288.00000000 	 -14.00000000 
1202 	 -328.00000000 	 -10.00000000 
1203 	 -320.00000000 	 -4.00000000 
1204 	 -320.00000000 	 -4.00000000 
1205 	 -296.00000000 	 -10.00000000 
1206 	 -336.00000000 	 42.00000000 
1207 	 -240.00000000 	 24.00000000 
1208 	 -360.00000000 	 38.00000000 
1209 	 -392.00000000 	 48.00000000 
1210 	 -304.00000000 	 40.00000000 
1211 	 -344.00000000 	 50.00000000 
1212 	 -440.00000000 	 74.00000000 
1213 	 -344.00000000 	 80.00000000 
1214 	 -288.00000000 	 46.00000000 
1215 	 -160.00000000 	 20.00000000 
1216 	 -240.00000000 	 28.00000000 
1217 	 -296.00000000 	 2.00000000 
1218 	 -240.00000000 	 32.00000000 
1219 	 -264.00000000 	 62.00000000 
1220 	 -224.00000000 	 48.00000000 
1221 	 -280.00000000 	 74.00000000 
1222 	 -312.00000000 	 14.00000000 
1223 	 -304.00000000 	 14.00000000 
1224 	 -336.00000000 	 -26.00000000 
1225 	 -376.00000000 	 -26.00000000 
1226 	 -368.00000000 	 -8.00000000 
1227 	 -280.00000000 	 -8.00000000 
1228 	 -336.00000000 	 -22.00000000 
1229 	 -288.00000000 	 -24.00000000 
1230 	 -248.00000000 	 -40.00000000 
1231 	 -248.00000000 	 -24.00000000 
1232 	 -288.00000000 	 -26.00000000 
1233 	 -216.00000000 	 -38.00000000 
1234 	 -328.00000000 	 -32.00000000 
1235 	 -240.00000000 	 -12.00000000 
1236 	 -248.00000000 	 18.00000000 
1237 	 -248.00000000 	 -22.00000000 
1238 	 -288.00000000 	 -32.00000000 
1239 	 -304.00000000 	 -24.00000000 
1240 	 -272.00000000 	 -40.00000000 
1241 	 -192.00000000 	 -38.00000000 
1242 	 -240.00000000 	 -54.00000000 
1243 	 -240.00000000 	 -4.00000000 
1244 	 -208.00000000 	 -8.00000000 
1245 	 -280.00000000 	 -8.00000000 
1246 	 -256.00000000 	 -42.00000000 
1247 	 -240.00000000 	 -20.00000000 
1248 	 -328.00000000 	 -14.00000000 
1249 	 -288.00000000 	 -14.00000000 
1250 	 -344.00000000 	 -4.00000000 
1251 	 -312.00000000 	 -20.00000000 
1252 	 -304.00000000 	 -20.00000000 
1253 	 -344.00000000 	 -8.00000000 
1254 	 -320.00000000 	 -48.00000000 
1255 	 -328.00000000 	 -30.00000000 
1256 	 -264.00000000 	 14.00000000 
1257 	 -264.00000000 	 2.00000000 
1258 	 -224.00000000 	 18.00000000 
1259 	 -296.00000000 	 12.00000000 
1260 	 -280.00000000 	 -10.00000000 
1261 	 -208.00000000 	 -16.00000000 
1262 	 -344.00000000 	 -12.00000000 
1263 	 -328.00000000 	 12.00000000 
1264 	 -328.00000000 	 -4.00000000 
1265 	 -336.00000000 	 -4.00000000 
1266 	 -304.00000000 	 -6.00000000 
1267 	 -376.00000000 	 22.00000000 
1268 	 -344.00000000 	 42.00000000 
1269 	 -248.00000000 	 22.00000000 
1270 	 -336.00000000 	 -10.00000000 
1271 	 -312.00000000 	 -2.00000000 
1272 	 -288.00000000 	 0.00000000 
1273 	 -336.00000000 	 8.00000000 
1274 	 -240.00000000 	 14.00000000 
1275 	 -256.00000000 	 14.00000000 
1276 	 -192.00000000 	 40.00000000 
1277 	 -280.00000000 	 -26.00000000 
1278 	 -368.00000000 	 -50.00000000 
1279 	 -296.00000000 	 -32.00000000 
1280 	 -288.00000000 	 -20.00000000 
1281 	 -304.00000000 	 -28.00000000 
1282 	 -216.00000000 	 -22.00000000 
1283 	 -336.00000000 	 -72.00000000 
1284 	 -328.00000000 	 -50.00000000 
1285 	 -368.00000000 	 -42.00000000 
1286 	 -296.00000000 	 -22.00000000 
1287 	 -304.00000000 	 -42.00000000 
1288 	 -208.00000000 	 -38.00000000 
1289 	 -280.00000000 	 -4.00000000 
1290 	 -312.00000000 	 20.00000000 
1291 	 -208.00000000 	 -22.00000000 
1292 	 -360.00000000 	 8.00000000 
1293 	 -240.00000000 	 0.00000000 
1294 	 -304.00000000 	 -8.00000000 
1295 	 -352.00000000 	 14.00000000 
1296 	 -232.00000000 	 4.00000000 
1297 	 -216.00000000 	 18.00000000 
1298 	 -304.00000000 	 2.00000000 
1299 	 -272.00000000 	 -2.00000000 
1300 	 -200.00000000 	 -14.00000000 
1301 	 -248.00000000 	 16.00000000 
1302 	 -368.00000000 	 36.00000000 
1303 	 -400.00000000 	 70.00000000 
1304 	 -384.00000000 	 62.00000000 
1305 	 -448.00000000 	 80.00000000 
1306 	 -336.00000000 	 80.00000000 
1307 	 -336.00000000 	 80.00000000 
1308 	 -360.00000000 	 56.00000000 
1309 	 -264.00000000 	 52.00000000 
1310 	 -240.00000000 	 28.00000000 
1311 	 -296.00000000 	 12.00000000 
1312 	 -216.00000000 	 2.00000000 
1313 	 -288.00000000 	 38.00000000 
1314 	 -336.00000000 	 52.00000000 
1315 	 -304.00000000 	 42.00000000 
1316 	 -336.00000000 	 -44.00000000 
1317 	 -360.00000000 	 -80.00000000 
1318 	 -272.00000000 	 -24.00000000 
1319 	 -352.00000000 	 -32.00000000 
1320 	 -376.00000000 	 -8.00000000 
1321 	 -320.00000000 	 -34.00000000 
1322 	 -336.00000000 	 2.00000000 
1323 	 -336.00000000 	 6.00000000 
1324 	 -312.00000000 	 30.00000000 
1325 	 -264.00000000 	 12.00000000 
1326 	 -280.00000000 	 -2.00000000 
1327 	 -264.00000000 	 4.00000000 
1328 	 -336.00000000 	 22.00000000 
1329 	 -328.00000000 	 28.00000000 
1330 	 -352.00000000 	 28.00000000 
1331 	 -248.00000000 	 -8.00000000 
1332 	 -216.00000000 	 22.00000000 
1333 	 -272.00000000 	 -6.00000000 
1334 	 -296.00000000 	 14.00000000 
1335 	 -240.00000000 	 -24.00000000 
1336 	 -304.00000000 	 -56.00000000 
1337 	 -248.00000000 	 0.00000000 
1338 	 -312.00000000 	 2.00000000 
1339 	 -272.00000000 	 -8.00000000 
1340 	 -344.00000000 	 -4.00000000 
1341 	 -304.00000000 	 -14.00000000 
1342 	 -208.00000000 	 -18.00000000 
1343 	 -272.00000000 	 -18.00000000 
1344 	 -264.00000000 	 -34.00000000 
1345 	 -248.00000000 	 -54.00000000 
1346 	 -288.00000000 	 -26.00000000 
1347 	 -248.00000000 	 10.00000000 
1348 	 -280.00000000 	 46.00000000 
1349 	 -336.00000000 	 14.00000000 
1350 	 -272.00000000 	 26.00000000 
1351 	 -320.00000000 	 10.00000000 
1352 	 -320.00000000 	 26.00000000 
1353 	 -272.00000000 	 14.00000000 
1354 	 -328.00000000 	 6.00000000 
1355 	 -272.00000000 	 -10.00000000 
1356 	 -328.00000000 	 -12.00000000 
1357 	 -320.00000000 	 -34.00000000 
1358 	 -376.00000000 	 -52.00000000 
1359 	 -424.00000000 	 -76.00000000 
1360 	 -280.00000000 	 -68.00000000 
1361 	 -384.00000000 	 -68.00000000 
1362 	 -336.00000000 	 -44.00000000 
1363 	 -360.00000000 	 -50.00000000 
1364 	 -392.00000000 	 -66.00000000 
1365 	 -352.00000000 	 -62.00000000 
1366 	 -280.00000000 	 -54.00000000 
1367 	 -304.00000000 	 -38.00000000 
1368 	 -328.00000000 	 -46.00000000 
1369 	 -232.00000000 	 -44.00000000 
1370 	 -240.00000000 	 8.00000000 
1371 	 -288.00000000 	 24.00000000 
1372 	 -320.00000000 	 2.00000000 
1373 	 -240.00000000 	 44.00000000 
1374 	 -264.00000000 	 -14.00000000 
1375 	 -256.00000000 	 12.00000000 
1376 	 -280.00000000 	 -16.00000000 
1377 	 -296.00000000 	 -14.00000000 
1378 	 -280.00000000 	 -18.00000000 
1379 	 -288.00000000 	 -28.00000000 
1380 	 -312.00000000 	 -4.00000000 
1381 	 -248.00000000 	 4.00000000 
1382 	 -296.00000000 	 -10.00000000 
1383 	 -368.00000000 	 4.00000000 
1384 	 -376.00000000 	 -16.00000000 
1385 	 -424.00000000 	 0.00000000 
1386 	 -352.00000000 	 28.00000000 
1387 	 -376.00000000 	 32.00000000 
1388 	 -344.00000000 	 54.00000000 
1389 	 -328.00000000 	 36.00000000 
1390 	 -272.00000000 	 16.00000000 
1391 	 -352.00000000 	 0.00000000 
1392 	 -232.00000000 	 10.00000000 
1393 	 -240.00000000 	 18.00000000 
1394 	 -328.00000000 	 12.00000000 
1395 	 -336.00000000 	 26.00000000 
1396 	 -224.00000000 	 44.00000000 
1397 	 -248.00000000 	 12.00000000 
1398 	 -224.00000000 	 50.00000000 
1399 	 -240.00000000 	 34.00000000 
1400 	 -248.00000000 	 36.00000000 
1401 	 -256.00000000 	 48.00000000 
1402 	 -304.00000000 	 68.00000000 
1403 	 -368.00000000 	 68.00000000 
1404 	 -400.00000000 	 66.00000000 
1405 	 -360.00000000 	 58.00000000 
1406 	 -272.00000000 	 44.00000000 
1407 	 -216.00000000 	 36.00000000 
1408 	 -192.00000000 	 0.00000000 
1409 	 -208.00000000 	 -10.00000000 
1410 	 -216.00000000 	 -4.00000000 
1411 	 -344.00000000 	 10.00000000 
1412 	 -328.00000000 	 -2.00000000 
1413 	 -320.00000000 	 -8.00000000 
1414 	 -360.00000000 	 20.00000000 
1415 	 -216.00000000 	 2.00000000 
1416 	 -224.00000000 	 14.00000000 
1417 	 -256.00000000 	 -52.00000000 
1418 	 -256.00000000 	 -48.00000000 
1419 	 -352.00000000 	 -12.00000000 
1420 	 -312.00000000 	 8.00000000 
1421 	 -272.00000000 	 8.00000000 
1422 	 -264.00000000 	 6.00000000 
1423 	 -296.00000000 	 12.00000000 
1424 	 -296.00000000 	 -30.00000000 
1425 	 -272.00000000 	 -20.00000000 
1426 	 -280.00000000 	 -22.00000000 
1427 	 -344.00000000 	 -20.00000000 
1428 	 -352.00000000 	 -8.00000000 
1429 	 -296.00000000 	 -36.00000000 
1430 	 -368.00000000 	 -44.00000000 
1431 	 -288.00000000 	 -56.00000000 
1432 	 -264.00000000 	 -62.00000000 
1433 	 -200.00000000 	 -4.00000000 
1434 	 -272.00000000 	 2.00000000 
1435 	 -272.00000000 	 -8.00000000 
1436 	 -248.00000000 	 -26.00000000 
1437 	 -272.00000000 	 -2.00000000 
1438 	 -304.00000000 	 -14.00000000 
1439 	 -320.00000000 	 -16.00000000 
1440 	 -360.00000000 	 -18.00000000 
1441 	 -320.00000000 	 -66.00000000 
1442 	 -352.00000000 	 -82.00000000 
1443 	 -360.00000000 	 -22.00000000 
1444 	 -448.00000000 	 -32.00000000 
1445 	 -336.00000000 	 -2.00000000 
1446 	 -240.00000000 	 20.00000000 
1447 	 -264.00000000 	 16.00000000 
1448 	 -352.00000000 	 30.00000000 
1449 	 -304.00000000 	 24.00000000 
1450 	 -304.00000000 	 34.00000000 
1451 	 -328.00000000 	 20.00000000 
1452 	 -320.00000000 	 44.00000000 
1453 	 -456.00000000 	 60.00000000 
1454 	 -336.00000000 	 30.00000000 
1455 	 -336.00000000 	 36.00000000 
1456 	 -312.00000000 	 -4.00000000 
1457 	 -288.00000000 	 -12.00000000 
1458 	 -272.00000000 	 6.00000000 
1459 	 -280.00000000 	 -4.00000000 
1460 	 -376.00000000 	 -36.00000000 
1461 	 -256.00000000 	 -26.00000000 
1462 	 -272.00000000 	 -36.00000000 
1463 	 -264.00000000 	 -20.00000000 
1464 	 -224.00000000 	 6.00000000 
1465 	 -272.00000000 	 8.00000000 
1466 	 -288.00000000 	 14.00000000 
1467 	 -248.00000000 	 4.00000000 
1468 	 -296.00000000 	 -2.00000000 
1469 	 -280.00000000 	 -4.00000000 
1470 	 -296.00000000 	 8.00000000 
1471 	 -248.00000000 	 28.00000000 
1472 	 -216.00000000 	 6.00000000 
1473 	 -264.00000000 	 20.00000000 
1474 	 -384.00000000 	 52.00000000 
1475 	 -360.00000000 	 40.00000000 
1476 	 -320.00000000 	 62.00000000 
1477 	 -272.00000000 	 4.00000000 
1478 	 -328.00000000 	 -14.00000000 
1479 	 -296.00000000 	 -12.00000000 
1480 	 -328.00000000 	 20.00000000 
1481 	 -352.00000000 	 -20.00000000 
1482 	 -320.00000000 	 -24.00000000 
1483 	 -224.00000000 	 -46.00000000 
1484 	 -328.00000000 	 -68.00000000 
1485 	 -232.00000000 	 -18.00000000 
1486 	 -256.00000000 	 -28.00000000 
1487 	 -168.00000000 	 -12.00000000 
1488 	 -360.00000000 	 -60.00000000 
1489 	 -224.00000000 	 -32.00000000 
1490 	 -288.00000000 	 -26.00000000 
1491 	 -352.00000000 	 -64.00000000 
1492 	 -320.00000000 	 -18.00000000 
1493 	 -328.00000000 	 -48.00000000 
1494 	 -320.00000000 	 -52.00000000 
1495 	 -304.00000000 	 -34.00000000 
1496 	 -384.00000000 	 -64.00000000 
1497 	 -360.00000000 	 -64.00000000 
1498 	 -312.00000000 	 -52.00000000 
1499 	 -328.00000000 	 -48.00000000 
1500 	 -360.00000000 	 -66.00000000 
1501 	 -216.00000000 	 -40.00000000 
1502 	 -384.00000000 	 -30.00000000 
1503 	 -328.00000000 	 8.00000000 
1504 	 -280.00000000 	 20.00000000 
1505 	 -288.00000000 	 40.00000000 
1506 	 -264.00000000 	 22.00000000 
1507 	 -272.00000000 	 34.00000000 
1508 	 -224.00000000 	 26.00000000 
1509 	 -208.00000000 	 10.00000000 
1510 	 -288.00000000 	 22.00000000 
1511 	 -368.00000000 	 0.00000000 
1512 	 -384.00000000 	 14.00000000 
1513 	 -352.00000000 	 2.00000000 
1514 	 -352.00000000 	 -4.00000000 
1515 	 -384.00000000 	 -24.00000000 
1516 	 -360.00000000 	 -6.00000000 
1517 	 -344.00000000 	 -54.00000000 
1518 	 -208.00000000 	 -4.00000000 
1519 	 -232.00000000 	 -2.00000000 
1520 	 -240.00000000 	 -4.00000000 
1521 	 -288.00000000 	 22.00000000 
1522 	 -248.00000000 	 -14.00000000 
1523 	 -336.00000000 	 26.00000000 
1524 	 -336.00000000 	 16.00000000 
1525 	 -352.00000000 	 -32.00000000 
1526 	 -400.00000000 	 -38.00000000 
1527 	 -352.00000000 	 0.00000000 
1528 	 -344.00000000 	 -14.00000000 
1529 	 -312.00000000 	 -10.00000000 
1530 	 -288.00000000 	 -44.00000000 
1531 	 -296.00000000 	 -52.00000000 
1532 	 -256.00000000 	 -2.00000000 
1533 	 -368.00000000 	 -12.00000000 
1534 	 -272.00000000 	 -30.00000000 
1535 	 -376.00000000 	 12.00000000 
1536 	 -344.00000000 	 16.00000000 
1537 	 -320.00000000 	 14.00000000 
1538 	 -288.00000000 	 14.00000000 
1539 	 -312.00000000 	 44.00000000 
1540 	 -288.00000000 	 2.00000000 
1541 	 -208.00000000 	 2.00000000 
1542 	 -200.00000000 	 16.00000000 
1543 	 -272.00000000 	 6.00000000 
1544 	 -232.00000000 	 20.00000000 
1545 	 -304.00000000 	 18.00000000 
1546 	 -288.00000000 	 22.00000000 
1547 	 -344.00000000 	 -38.00000000 
1548 	 -296.00000000 	 -40.00000000 
1549 	 -304.00000000 	 -38.00000000 
1550 	 -280.00000000 	 -4.00000000 
1551 	 -232.00000000 	 0.00000000 
1552 	 -152.00000000 	 -8.00000000 
1553 	 -248.00000000 	 -24.00000000 
1554 	 -352.00000000 	 -30.00000000 
1555 	 -232.00000000 	 -40.00000000 
1556 	 -328.00000000 	 -74.00000000 
1557 	 -288.00000000 	 -32.00000000 
1558 	 -376.00000000 	 -2.00000000 
1559 	 -368.00000000 	 44.00000000 
1560 	 -272.00000000 	 10.00000000 
1561 	 -160.00000000 	 -24.00000000 
1562 	 -200.00000000 	 6.00000000 
1563 	 -280.00000000 	 -4.00000000 
1564 	 -280.00000000 	 10.00000000 
1565 	 -328.00000000 	 12.00000000 
1566 	 -344.00000000 	 28.00000000 
1567 	 -288.00000000 	 4.00000000 
1568 	 -272.00000000 	 -2.00000000 
1569 	 -280.00000000 	 14.00000000 
1570 	 -280.00000000 	 -38.00000000 
1571 	 -296.00000000 	 -48.00000000 
1572 	 -272.00000000 	 -34.00000000 
1573 	 -296.00000000 	 -14.00000000 
1574 	 -376.00000000 	 4.00000000 
1575 	 -320.00000000 	 34.00000000 
1576 	 -256.00000000 	 38.00000000 
1577 	 -296.00000000 	 62.00000000 
1578 	 -320.00000000 	 38.00000000 
1579 	 -352.00000000 	 66.00000000 
1580 	 -336.00000000 	 62.00000000 
1581 	 -256.00000000 	 46.00000000 
1582 	 -408.00000000 	 32.00000000 
1583 	 -344.00000000 	 0.00000000 
1584 	 -360.00000000 	 -28.00000000 
1585 	 -328.00000000 	 -14.00000000 
1586 	 -264.00000000 	 -36.00000000 
1587 	 -304.00000000 	 -28.00000000 
1588 	 -352.00000000 	 -32.00000000 
1589 	 -296.00000000 	 -30.00000000 
1590 	 -368.00000000 	 -34.00000000 
1591 	 -352.00000000 	 -12.00000000 
1592 	 -328.00000000 	 26.00000000 
1593 	 -264.00000000 	 22.00000000 
1594 	 -288.00000000 	 0.00000000 
1595 	 -264.00000000 	 -6.00000000 
1596 	 -256.00000000 	 0.00000000 
1597 	 -232.00000000 	 -18.00000000 
1598 	 -232.00000000 	 0.00000000 
1599 	 -240.00000000 	 2.00000000 
1600 	 -248.00000000 	 20.00000000 
1601 	 -216.00000000 	 64.00000000 
1602 	 -304.00000000 	 72.00000000 
1603 	 -264.00000000 	 48.00000000 
1604 	 -304.00000000 	 40.00000000 
1605 	 -312.00000000 	 14.00000000 
1606 	 -224.00000000 	 2.00000000 
1607 	 -288.00000000 	 4.00000000 
1608 	 -352.00000000 	 38.00000000 
1609 	 -336.00000000 	 18.00000000 
1610 	 -320.00000000 	 4.00000000 
1611 	 -232.00000000 	 36.00000000 
1612 	 -280.00000000 	 24.00000000 
1613 	 -360.00000000 	 62.00000000 
1614 	 -296.00000000 	 72.00000000 
1615 	 -344.00000000 	 76.00000000 
1616 	 -312.00000000 	 66.00000000 
1617 	 -336.00000000 	 50.00000000 
1618 	 -304.00000000 	 20.00000000 
1619 	 -248.00000000 	 -6.00000000 
1620 	 -168.00000000 	 -8.00000000 
1621 	 -232.00000000 	 -36.00000000 
1622 	 -272.00000000 	 -48.00000000 
1623 	 -256.00000000 	 -12.00000000 
1624 	 -256.00000000 	 -26.00000000 
1625 	 -360.00000000 	 24.00000000 
1626 	 -216.00000000 	 20.00000000 
1627 	 -256.00000000 	 20.00000000 
1628 	 -272.00000000 	 -22.00000000 
1629 	 -424.00000000 	 -48.00000000 
1630 	 -384.00000000 	 -28.00000000 
1631 	 -304.00000000 	 -18.00000000 
1632 	 -296.00000000 	 16.00000000 
1633 	 -256.00000000 	 12.00000000 
1634 	 -248.00000000 	 32.00000000 
1635 	 -208.00000000 	 6.00000000 
1636 	 -216.00000000 	 6.00000000 
1637 	 -320.00000000 	 24.00000000 
1638 	 -280.00000000 	 42.00000000 
1639 	 -312.00000000 	 8.00000000 
1640 	 -328.00000000 	 12.00000000 
1641 	 -296.00000000 	 18.00000000 
1642 	 -272.00000000 	 -18.00000000 
1643 	 -296.00000000 	 -32.00000000 
1644 	 -296.00000000 	 -34.00000000 
1645 	 -232.00000000 	 -10.00000000 
1646 	 -360.00000000 	 -2.00000000 
1647 	 -312.00000000 	 40.00000000 
1648 	 -320.00000000 	 50.00000000 
1649 	 -312.00000000 	 38.00000000 
1650 	 -320.00000000 	 38.00000000 
1651 	 -296.00000000 	 32.00000000 
1652 	 -368.00000000 	 24.00000000 
1653 	 -320.00000000 	 -4.00000000 
1654 	 -384.00000000 	 16.00000000 
1655 	 -248.00000000 	 -6.00000000 
1656 	 -416.00000000 	 20.00000000 
1657 	 -312.00000000 	 8.00000000 
1658 	 -296.00000000 	 -34.00000000 
1659 	 -208.00000000 	 -8.00000000 
1660 	 -264.00000000 	 14.00000000 
1661 	 -248.00000000 	 -6.00000000 
1662 	 -272.00000000 	 -22.00000000 
1663 	 -256.00000000 	 -30.00000000 
1664 	 -320.00000000 	 -70.00000000 
1665 	 -360.00000000 	 -100.00000000 
1666 	 -320.00000000 	 -46.00000000 
1667 	 -320.00000000 	 -38.00000000 
1668 	 -240.00000000 	 4.00000000 
1669 	 -208.00000000 	 18.00000000 
1670 	 -216.00000000 	 12.00000000 
1671 	 -208.00000000 	 30.00000000 
1672 	 -272.00000000 	 24.00000000 
1673 	 -256.00000000 	 26.00000000 
1674 	 -376.00000000 	 20.00000000 
1675 	 -344.00000000 	 -24.00000000 
1676 	 -344.00000000 	 16.00000000 
1677 	 -312.00000000 	 14.00000000 
1678 	 -320.00000000 	 64.00000000 
1679 	 -232.00000000 	 6.00000000 
1680 	 -272.00000000 	 -24.00000000 
1681 	 -240.00000000 	 -2.00000000 
1682 	 -264.00000000 	 -36.00000000 
1683 	 -192.00000000 	 -46.00000000 
1684 	 -264.00000000 	 6.00000000 
1685 	 -256.00000000 	 2.00000000 
1686 	 -304.00000000 	 46.00000000 
1687 	 -224.00000000 	 30.00000000 
1688 	 -104.00000000 	 2.00000000 
1689 	 -280.00000000 	 -42.00000000 
1690 	 -240.00000000 	 -50.00000000 
1691 	 -224.00000000 	 -46.00000000 
1692 	 -208.00000000 	 -50.00000000 
1693 	 -176.00000000 	 -24.00000000 
1694 	 -288.00000000 	 -10.00000000 
1695 	 -272.00000000 	 -8.00000000 
1696 	 -272.00000000 	 4.00000000 
1697 	 -280.00000000 	 -10.00000000 
1698 	 -376.00000000 	 -34.00000000 
1699 	 -320.00000000 	 -24.00000000 
1700 	 -296.00000000 	 -18.00000000 
1701 	 -352.00000000 	 -8.00000000 
1702 	 -320.00000000 	 18.00000000 
1703 	 -352.00000000 	 8.00000000 
1704 	 -288.00000000 	 -40.00000000 
1705 	 -224.00000000 	 -52.00000000 
1706 	 -320.00000000 	 -38.00000000 
1707 	 -320.00000000 	 -46.00000000 
1708 	 -352.00000000 	 -28.00000000 
1709 	 -264.00000000 	 -12.00000000 
1710 	 -232.00000000 	 -22.00000000 
1711 	 -328.00000000 	 -22.00000000 
1712 	 -328.00000000 	 -56.00000000 
1713 	 -312.00000000 	 -62.00000000 
1714 	 -344.00000000 	 -46.00000000 
1715 	 -336.00000000 	 -18.00000000 
1716 	 -288.00000000 	 -42.00000000 
1717 	 -392.00000000 	 -56.00000000 
1718 	 -336.00000000 	 -68.00000000 
1719 	 -240.00000000 	 -6.00000000 
1720 	 -320.00000000 	 -6.00000000 
1721 	 -288.00000000 	 -44.00000000 
1722 	 -216.00000000 	 -42.00000000 
1723 	 -312.00000000 	 18.00000000 
1724 	 -272.00000000 	 36.00000000 
1725 	 -264.00000000 	 -16.00000000 
1726 	 -272.00000000 	 -30.00000000 
1727 	 -288.00000000 	 -12.00000000 
1728 	 -336.00000000 	 -34.00000000 
1729 	 -320.00000000 	 -48.00000000 
1730 	 -264.00000000 	 -22.00000000 
1731 	 -264.00000000 	 -30.00000000 
1732 	 -240.00000000 	 -34.00000000 
1733 	 -232.00000000 	 -16.00000000 
1734 	 -232.00000000 	 -22.00000000 
1735 	 -312.00000000 	 -16.00000000 
1736 	 -312.00000000 	 8.00000000 
1737 	 -272.00000000 	 -6.00000000 
1738 	 -272.00000000 	 40.00000000 
1739 	 -296.00000000 	 18.00000000 
1740 	 -328.00000000 	 54.00000000 
1741 	 -304.00000000 	 28.00000000 
1742 	 -320.00000000 	 52.00000000 
1743 	 -264.00000000 	 44.00000000 
1744 	 -248.00000000 	 20.00000000 
1745 	 -296.00000000 	 46.00000000 
1746 	 -304.00000000 	 34.00000000 
1747 	 -312.00000000 	 70.00000000 
1748 	 -384.00000000 	 64.00000000 
1749 	 -400.00000000 	 32.00000000 
1750 	 -232.00000000 	 14.00000000 
1751 	 -304.00000000 	 10.00000000 
1752 	 -328.00000000 	 -10.00000000 
1753 	 -352.00000000 	 -10.00000000 
1754 	 -248.00000000 	 -2.00000000 
1755 	 -240.00000000 	 -2.00000000 
1756 	 -240.00000000 	 -40.00000000 
1757 	 -336.00000000 	 -64.00000000 
1758 	 -360.00000000 	 -46.00000000 
1759 	 -272.00000000 	 -34.00000000 
1760 	 -256.00000000 	 12.00000000 
1761 	 -344.00000000 	 50.00000000 
1762 	 -336.00000000 	 -2.00000000 
1763 	 -216.00000000 	 10.00000000 
1764 	 -312.00000000 	 -28.00000000 
1765 	 -264.00000000 	 -2.00000000 
1766 	 -328.00000000 	 10.00000000 
1767 	 -200.00000000 	 30.00000000 
1768 	 -296.00000000 	 36.00000000 
1769 	 -360.00000000 	 46.00000000 
1770 	 -352.00000000 	 40.00000000 
1771 	 -344.00000000 	 56.00000000 
1772 	 -272.00000000 	 36.00000000 
1773 	 -288.00000000 	 40.00000000 
1774 	 -376.00000000 	 68.00000000 
1775 	 -376.00000000 	 66.00000000 
1776 	 -304.00000000 	 44.00000000 
1777 	 -272.00000000 	 26.00000000 
1778 	 -280.00000000 	 14.00000000 
1779 	 -376.00000000 	 -18.00000000 
1780 	 -288.00000000 	 -62.00000000 
1781 	 -224.00000000 	 -26.00000000 
1782 	 -288.00000000 	 -34.00000000 
1783 	 -256.00000000 	 -42.00000000 
1784 	 -208.00000000 	 -16.00000000 
1785 	 -280.00000000 	 20.00000000 
1786 	 -328.00000000 	 4.00000000 
1787 	 -304.00000000 	 14.00000000 
1788 	 -312.00000000 	 36.00000000 
1789 	 -264.00000000 	 24.00000000 
1790 	 -240.00000000 	 24.00000000 
1791 	 -272.00000000 	 4.00000000 
1792 	 -320.00000000 	 -42.00000000 
1793 	 -360.00000000 	 -12.00000000 
1794 	 -336.00000000 	 -20.00000000 
1795 	 -320.00000000 	 -4.00000000 
1796 	 -296.00000000 	 18.00000000 
1797 	 -320.00000000 	 6.00000000 
1798 	 -336.00000000 	 52.00000000 
1799 	 -336.00000000 	 22.00000000 
1800 	 -240.00000000 	 16.00000000 
1801 	 -296.00000000 	 38.00000000 
1802 	 -312.00000000 	 26.00000000 
1803 	 -248.00000000 	 26.00000000 
1804 	 -320.00000000 	 38.00000000 
1805 	 -264.00000000 	 6.00000000 
1806 	 -248.00000000 	 38.00000000 
1807 	 -232.00000000 	 22.00000000 
1808 	 -352.00000000 	 2.00000000 
1809 	 -296.00000000 	 26.00000000 
1810 	 -328.00000000 	 54.00000000 
1811 	 -224.00000000 	 72.00000000 
1812 	 -280.00000000 	 66.00000000 
1813 	 -272.00000000 	 56.00000000 
1814 	 -208.00000000 	 6.00000000 
1815 	 -296.00000000 	 -14.00000000 
1816 	 -360.00000000 	 -16.00000000 
1817 	 -368.00000000 	 -18.00000000 
1818 	 -416.00000000 	 -2.00000000 
1819 	 -424.00000000 	 -10.00000000 
1820 	 -352.00000000 	 -8.00000000 
1821 	 -320.00000000 	 -26.00000000 
1822 	 -320.00000000 	 -6.00000000 
1823 	 -296.00000000 	 8.00000000 
1824 	 -264.00000000 	 36.00000000 
1825 	 -256.00000000 	 40.00000000 
1826 	 -344.00000000 	 34.00000000 
1827 	 -320.00000000 	 24.00000000 
1828 	 -344.00000000 	 -14.00000000 
1829 	 -312.00000000 	 -24.00000000 
1830 	 -248.00000000 	 18.00000000 
1831 	 -304.00000000 	 66.00000000 
1832 	 -344.00000000 	 12.00000000 
1833 	 -360.00000000 	 8.00000000 
1834 	 -312.00000000 	 -42.00000000 
1835 	 -296.00000000 	 -42.00000000 
1836 	 -280.00000000 	 -4.00000000 
1837 	 -264.00000000 	 4.00000000 
1838 	 -320.00000000 	 52.00000000 
1839 	 -352.00000000 	 54.00000000 
1840 	 -344.00000000 	 28.00000000 
